54
846
446
480
626
390
250
32
121
536
637
576
259
302
692
783
877
244
258
46
657
655
715
666
170
901
457
216
413
542
92
362
395
873
805
383
403
887
543
854
924
248
247
452
619
183
68
763
770
611
33
502
291
999
358
547
768
473
992
544
973
456
2
689
779
782
988
833
739
777
937
847
47
840
156
545
530
889
988
899
725
181
160
809
202
853
981
516
927
750
707
766
871
752
732
695
620
431
267
562
15
56
156
717
899
3
559
575
683
71
280
302
423
275
505
90
213
120
597
534
957
5
439
462
238
529
814
945
781
978
91
835
981
21
336
513
521
112
812
492
430
499
707
452
580
880
908
607
85
852
474
563
175
781
735
148
33
268
479
818
129
313
98
908
110
590
251
949
694
849
605
505
136
658
222
693
793
554
509
618
982
345
635
696
485
381
319
360
802
448
348
912
418
57
112
632
865
485
181
850
873
317
915
935
283
264
3
999
945
361
193
383
670
425
145
781
471
702
300
930
891
69
921
850
221
776
421
700
733
474
638
523
512
199
393
468
162
769
338
581
544
622
652
251
743
798
352
971
364
758
19
479
19
858
793
51
554
827
146
125
201
968
471
979
911
812
530
827
905
618
70
345
366
447
157
146
415
892
527
30
908
197
251
19
624
878
705
353
182
714
773
772
670
329
947
250
699
982
859
180
356
54
696
214
417
456
351
658
9
224
605
353
416
887
24
877
63
300
530
359
778
363
145
830
596
516
636
326
86
106
383
832
42
650
960
668
376
52
823
189
688
654
457
251
523
452
490
733
547
577
5
356
934
581
625
586
31
145
461
48
96
837
542
123
363
315
237
280
332
777
773
934
927
66
789
476
327
545
438
659
671
970
249
428
47
950
385
914
233
253
639
230
8
554
727
321
62
743
692
468
835
609
104
23
600
843
305
391
447
495
202
263
30
53
770
222
297
43
297
355
30
69
659
598
311
609
842
863
1000
612
138
874
677
426
165
871
203
207
838
969
457
145
759
585
149
531
801
428
530
267
45
872
603
546
386
768
201
381
532
903
5
234
801
151
425
883
514
54
127
115
795
885
581
244
545
805
288
299
271
717
136
662
389
798
670
503
863
709
738
333
67
93
159
510
32
986
809
513
289
428
417
61
307
522
64
501
918
818
421
24
220
594
52
400
986
418
151
949
463
483
630
282
495
594
729
523
588
545
3
843
431
839
546
557
398
985
123
718
658
243
614
116
988
153
292
467
275
496
224
410
549
340
952
223
210
373
685
774
671
451
301
459
489
96
473
510
632
208
487
404
37
965
433
117
91
667
153
988
401
41
210
911
811
407
652
505
414
496
933
794
469
174
453
984
757
330
118
807
408
241
464
36
509
114
211
230
318
754
930
482
602
594
412
650
641
981
73
356
2
144
214
471
932
320
337
64
310
497
339
620
829
23
610
597
774
405
417
486
259
376
131
44
900
934
955
988
398
847
933
346
832
116
451
468
20
552
843
330
300
672
134
678
952
76
630
898
277
106
395
62
417
34
463
286
364
141
742
395
62
467
592
159
177
621
26
961
46
167
337
18
89
903
793
374
33
980
958
507
779
171
228
853
285
311
509
367
195
351
230
120
271
444
690
491
306
58
261
525
483
795
330
240
206
138
695
568
520
694
145
957
570
701
365
872
306
843
635
468
941
14
57
512
972
304
761
179
544
955
472
546
399
698
282
976
673
708
839
203
47
308
958
381
234
880
224
692
324
900
106
121
957
180
372
730
95
830
668
249
356
646
545
361
730
652
746
67
957
24
545
723
183
657
892
600
244
357
446
459
76
695
703
902
582
186
480
124
502
803
953
313
508
886
809
616
603
94
938
491
818
780
106
878
338
469
434
36
295
309
12
878
423
79
886
286
212
785
594
880
890
779
711
66
826
900
362
41
477
110
251
564
332
724
554
954
70
429
609
305
786
600
902
941
106
450
870
152
694
917
412
83
378
360
798
275
664
921
624
546
808
243
723
343
870
56
938
627
841
563
809
699
397
349
179
520
555
852
705
364
30
634
695
958
777
821
298
188
414
15
811
670
612
430
494
317
145
623
750
161
159
857
642
436
999
625
657
778
736
619
589
267
817
340
393
458
739
300
658
545
126
26
260
102
662
513
416
778
155
801
780
600
284
399
151
151
990
298
967
783
899
267
718
431
906
451
307
381
479
849
645
271
129
128
529
182
514
287
16
838
601
586
462
271
690
658
874
361
140
808
305
984
238
684
304
774
119
132
733
603
518
770
